0.900000 0.000000
1.800000 0.000000
2.700000 0.000000
3.600000 0.000000
4.500000 0.000000
5.400000 0.000000
6.300000 0.000000
7.200000 0.000000
8.100000 0.000000
9.000000 0.000000
9.900000 0.000000
10.800000 0.000000
11.700000 0.000000
12.600000 0.000000
13.500000 0.000000
14.400000 0.000000
15.300000 0.000000
16.200000 0.000000
17.100000 0.000000
18.000000 0.000000
18.900000 0.000000
19.800000 0.000000
20.700000 0.000000
21.600000 0.000000
22.500000 0.000000
23.400000 0.000000
24.300000 0.000000
25.200000 0.000000
26.100000 0.000000
27.000000 0.000000
27.900000 0.000000
28.800000 0.000000
29.700000 0.000000
30.600000 0.000000
31.500000 0.000000
32.400000 0.000000
33.300000 0.000000
34.200000 0.000000
35.100000 0.000000
36.000000 0.000000
36.900000 0.000000
37.800000 0.000000
38.700000 0.000000
39.600000 0.000000
40.500000 0.000000
41.400000 0.000000
42.300000 0.000000
43.200000 0.000000
44.100000 0.000000
45.000000 0.000000
45.900000 0.000000
46.800000 0.000000
47.700000 0.000000
48.600000 0.000000
49.500000 0.000000
50.400000 0.000000
51.300000 0.000000
52.200000 0.000000
53.100000 0.000000
54.000000 0.000000
54.900000 0.000000
55.800000 0.000000
56.700000 0.000000
57.600000 0.000000
58.500000 0.000000
59.400000 0.000000
60.300000 0.000000
61.200000 0.000000
62.100000 0.000000
63.000000 0.000000
63.900000 0.000000
64.800000 0.000000
65.700000 0.000000
66.600000 0.000000
67.500000 0.000000
68.400000 0.000000
69.300000 0.000000
70.200000 0.000000
71.100000 0.000000
72.000000 0.000000
72.900000 0.000000
73.800000 0.000000
74.700000 0.000000
75.600000 0.000000
76.500000 0.000000
77.400000 0.000000
78.300000 0.000000
79.200000 0.000000
80.100000 0.000000
81.000000 0.000000
81.900000 0.000000
82.800000 0.000000
83.700000 0.000000
84.600000 0.000000
85.500000 0.000000
86.400000 0.000000
87.300000 0.000000
88.200000 0.000000
89.100000 0.000000
90.000000 0.000000
90.900000 0.000000
91.800000 0.000000
92.700000 0.000000
93.600000 0.000000
94.500000 0.000000
95.400000 0.000000
96.300000 0.000000
97.200000 0.000000
98.100000 0.000000
99.000000 0.000000
99.900000 0.000000
100.800000 0.000000
101.700000 0.000000
102.600000 0.000000
103.500000 0.000000
104.400000 0.000000
105.300000 0.000000
106.200000 0.000000
107.100000 0.000000
108.000000 0.000000
108.900000 0.000000
109.800000 0.000000
110.700000 0.000000
111.600000 0.000000
112.500000 0.000000
113.400000 0.000000
114.300000 0.000000
115.200000 0.000000
116.100000 0.000000
117.000000 0.000000
117.900000 0.000000
118.800000 0.000000
119.700000 0.000000
120.600000 0.000000
121.500000 0.000000
122.400000 0.000000
123.300000 0.000000
124.200000 0.000000
125.100000 0.000000
126.000000 0.000000
126.900000 0.000000
127.800000 0.000000
128.700000 0.000000
129.600000 0.000000
130.500000 0.000000
131.400000 0.000000
132.300000 0.000000
133.200000 0.000000
134.100000 0.000000
135.000000 0.000000
135.900000 0.000000
136.800000 0.000000
137.700000 0.000000
138.600000 0.000000
139.500000 0.000000
140.400000 0.000000
141.300000 0.000000
142.200000 0.000000
143.100000 0.000000
144.000000 0.000000
144.900000 0.000000
145.800000 0.000000
146.700000 0.000000
147.600000 0.000000
148.500000 0.000000
149.400000 0.000000
150.300000 0.000000
151.200000 0.000000
152.100000 0.000000
153.000000 0.000000
153.900000 0.000000
154.800000 0.000000
155.700000 0.000000
156.600000 0.000000
157.500000 0.000000
158.400000 0.000000
159.300000 0.000000
160.200000 0.000000
161.100000 0.000000
162.000000 0.000000
162.900000 0.000000
163.800000 0.000000
164.700000 0.000000
165.600000 0.000000
166.500000 0.000000
167.400000 0.000000
168.300000 0.000000
169.200000 0.000000
170.100000 0.000000
171.000000 0.000000
171.900000 0.000000
172.800000 0.000000
173.700000 0.000000
174.600000 0.000000
175.500000 0.000000
176.400000 0.000000
177.300000 0.000000
178.200000 0.000000
179.100000 0.000000
180.000000 0.000000
180.900000 0.000000
181.800000 0.000000
182.700000 0.000000
183.600000 0.000000
184.500000 0.000000
185.400000 0.000000
186.300000 0.000000
187.200000 0.000000
188.100000 0.000000
189.000000 0.000000
189.900000 0.000000
190.800000 0.000000
191.700000 0.000000
192.600000 0.000000
193.500000 0.000000
194.400000 0.000000
195.300000 0.000000
196.200000 0.000000
197.100000 0.000000
198.000000 0.000000
198.900000 0.000000
199.800000 0.000000
200.700000 0.000000
201.600000 0.000000
202.500000 0.000000
203.400000 0.000000
204.300000 0.000000
205.200000 0.000000
206.100000 0.000000
207.000000 0.000000
207.900000 0.000000
208.800000 0.000000
209.700000 0.000000
210.600000 0.000000
211.500000 0.000000
212.400000 0.000000
213.300000 0.000000
214.200000 0.000000
215.100000 0.000000
216.000000 0.000000
216.900000 0.000000
217.800000 0.000000
218.700000 0.000000
219.600000 0.000000
220.500000 0.000000
221.400000 0.000000
222.300000 0.000000
223.200000 0.000000
224.100000 0.000000
225.000000 0.000000
225.900000 0.000000
226.800000 0.000000
227.700000 0.000000
228.600000 0.000000
229.500000 0.000000
230.400000 0.000000
231.300000 0.000000
232.200000 0.000000
233.100000 0.000000
234.000000 0.000000
234.900000 0.000000
235.800000 0.000000
236.700000 0.000000
237.600000 0.000000
238.500000 0.000000
239.400000 0.000000
240.300000 0.000000
241.200000 0.000000
242.100000 0.000000
243.000000 0.000000
243.900000 0.000000
244.800000 0.000000
245.700000 0.000000
246.600000 0.000000
247.500000 0.000000
248.400000 0.000000
249.300000 0.000000
250.200000 0.000000
251.100000 0.000000
252.000000 0.000000
252.900000 0.000000
253.800000 0.000000
254.700000 0.000000
255.600000 0.000000
256.500000 0.000000
257.400000 0.000000
258.300000 0.000000
259.200000 0.000000
260.100000 0.000000
261.000000 0.000000
261.900000 0.000000
262.800000 0.000000
263.700000 0.000000
264.600000 0.000000
265.500000 0.000000
266.400000 0.000000
267.300000 0.000000
268.200000 0.000000
269.100000 0.000000
270.000000 0.000000
270.900000 0.000000
271.800000 0.000000
272.700000 0.000000
273.600000 0.000000
274.500000 0.000000
275.400000 0.000000
276.300000 0.000000
277.200000 0.000000
278.100000 0.000000
279.000000 0.000000
279.900000 0.000000
280.800000 0.000000
281.700000 0.000000
282.600000 0.000000
283.500000 0.000000
284.400000 0.000000
285.300000 0.000000
286.200000 0.000000
287.100000 0.000000
288.000000 0.000000
288.900000 0.000000
289.800000 0.000000
290.700000 0.000000
291.600000 0.000000
292.500000 0.000000
293.400000 0.000000
294.300000 0.000000
295.200000 0.000000
296.100000 0.000000
297.000000 0.000000
297.900000 0.000000
298.800000 0.000000
299.700000 0.000000
300.600000 0.000000
301.500000 0.000000
302.400000 0.000000
303.300000 0.000000
304.200000 0.000000
305.100000 0.000000
306.000000 0.000000
306.900000 0.000000
307.800000 0.000000
308.700000 0.000000
309.600000 0.000000
310.500000 0.000000
311.400000 0.000000
312.300000 0.000000
313.200000 0.000000
314.100000 0.000000
315.000000 0.000000
315.900000 0.000000
316.800000 0.000000
317.700000 0.000000
318.600000 0.000000
319.500000 0.000000
320.400000 0.000000
321.300000 0.000000
322.200000 0.000000
323.100000 0.000000
324.000000 0.000000
324.900000 0.000000
325.800000 0.000000
326.700000 0.000000
327.600000 0.000000
328.500000 0.000000
329.400000 0.000000
330.300000 0.000000
331.200000 0.000000
332.100000 0.000000
333.000000 0.000000
333.900000 0.000000
334.800000 0.000000
335.700000 0.000000
336.600000 0.000000
337.500000 0.000000
338.400000 0.000000
339.300000 0.000000
340.200000 0.000000
341.100000 0.000000
342.000000 0.000000
342.900000 0.000000
343.800000 0.000000
344.700000 0.000000
345.600000 0.000000
346.500000 0.000000
347.400000 0.000000
348.300000 0.000000
349.200000 0.000000
350.100000 0.000000
351.000000 0.000000
351.900000 0.000000
352.800000 0.000000
353.700000 0.000000
354.600000 0.000000
355.500000 0.000000
356.400000 0.000000
357.300000 0.000000
358.200000 0.000000
359.100000 0.000000
360.000000 0.000000
360.900000 0.000000
361.800000 0.000000
362.700000 0.000000
363.600000 0.000000
364.500000 0.000000
365.400000 0.000000
366.300000 0.000000
367.200000 0.000000
368.100000 0.000000
369.000000 0.000000
369.900000 0.000000
370.800000 0.000000
371.700000 0.000000
372.600000 0.000000
373.500000 0.000000
374.400000 0.000000
375.300000 0.000000
376.200000 0.000000
377.100000 0.000000
378.000000 0.000000
378.900000 0.000000
379.800000 0.000000
380.700000 0.000000
381.600000 0.000000
382.500000 0.000000
383.400000 0.000000
384.300000 0.000000
385.200000 0.000000
386.100000 0.000000
387.000000 0.000000
387.900000 0.000000
388.800000 0.000000
389.700000 0.000000
390.600000 0.000000
391.500000 0.000000
392.400000 0.000000
393.300000 0.000000
394.200000 0.000000
395.100000 0.000000
396.000000 0.000000
396.900000 0.000000
397.800000 0.000000
398.700000 0.000000
399.600000 0.000000
400.500000 0.000000
401.400000 0.000000
402.300000 0.000000
403.200000 0.000000
404.100000 0.000000
405.000000 0.000000
405.900000 0.000000
406.800000 0.000000
407.700000 0.000000
408.600000 0.000000
409.500000 0.000000
410.400000 0.000000
411.300000 0.000000
412.200000 0.000000
413.100000 0.000000
414.000000 0.000000
414.900000 0.000000
415.800000 0.000000
416.700000 0.000000
417.600000 0.000000
418.500000 0.000000
419.400000 0.000000
420.300000 0.000000
421.200000 0.000000
422.100000 0.000000
423.000000 0.000000
423.900000 0.000000
424.800000 0.000000
425.700000 0.000000
426.600000 0.000000
427.500000 0.000000
428.400000 0.000000
429.300000 0.000000
430.200000 0.000000
431.100000 0.000000
432.000000 0.000000
432.900000 0.000000
433.800000 0.000000
434.700000 0.000000
435.600000 0.000000
436.500000 0.000000
437.400000 0.000000
438.300000 0.000000
439.200000 0.000000
440.100000 0.000000
441.000000 0.000000
441.900000 0.000000
442.800000 0.000000
443.700000 0.000000
444.600000 0.000000
445.500000 0.000000
446.400000 0.000000
447.300000 0.000000
448.200000 0.000000
449.100000 0.000000
450.000000 0.000000
450.900000 0.000000
451.800000 0.000000
452.700000 0.000000
453.600000 0.000000
454.500000 0.000000
455.400000 0.046941
456.300000 0.187787
457.200000 0.281582
458.100000 0.469358
459.000000 0.563209
459.900000 0.704356
460.800000 0.891644
461.700000 0.985546
462.600000 1.126405
463.500000 1.266654
464.400000 1.454850
465.300000 1.548659
466.200000 1.643244
467.100000 1.830607
468.000000 1.925085
468.900000 1.971432
469.800000 2.158940
470.700000 2.159686
471.600000 2.253100
472.500000 2.346570
473.400000 2.487637
474.300000 2.534532
475.200000 2.628464
476.100000 2.675322
477.000000 2.770098
477.900000 2.820537
478.800000 2.910343
479.700000 3.008509
480.600000 3.097824
481.500000 3.144778
482.400000 3.192078
483.300000 3.284982
484.200000 3.285720
485.100000 3.425989
486.000000 3.473260
486.900000 3.566332
487.800000 3.662451
488.700000 3.755947
489.600000 3.848957
490.500000 3.895500
491.400000 3.990845
492.300000 4.083582
493.200000 4.083416
494.100000 4.132133
495.000000 4.223869
495.900000 4.223837
496.800000 4.223795
497.700000 4.316376
498.600000 4.366325
499.500000 4.413560
500.400000 4.459553
501.300000 4.458709
502.200000 4.552732
503.100000 4.693304
504.000000 4.740421
504.900000 4.787427
505.800000 4.834117
506.700000 4.694358
507.600000 4.933869
508.500000 4.976226
509.400000 5.022392
510.300000 5.070309
511.200000 5.116160
512.100000 5.163116
513.000000 5.209457
513.900000 5.209491
514.800000 5.258103
515.700000 5.304512
516.600000 5.362104
517.500000 5.160890
518.400000 5.350886
519.300000 5.454350
520.200000 5.443610
521.100000 5.500833
522.000000 5.632813
522.900000 5.687773
523.800000 5.726371
524.700000 5.827019
525.600000 5.866961
526.500000 5.960155
527.400000 5.960210
528.300000 6.006969
529.200000 6.052786
530.100000 6.151579
531.000000 6.150915
531.900000 6.242729
532.800000 6.289365
533.700000 6.336833
534.600000 6.382493
535.500000 6.383260
536.400000 6.477281
537.300000 6.479285
538.200000 6.572817
539.100000 6.672242
540.000000 6.666154
540.900000 6.760918
541.800000 6.759170
542.700000 6.806366
543.600000 6.804782
544.500000 6.805015
545.400000 6.852807
546.300000 6.853484
547.200000 6.899126
548.100000 6.993702
549.000000 6.946148
549.900000 6.993908
550.800000 6.666622
551.700000 7.043091
552.600000 7.184530
553.500000 7.088467
554.400000 7.040782
555.300000 7.136017
556.200000 7.181379
557.100000 7.135747
558.000000 7.181306
558.900000 7.181339
559.800000 6.900018
560.700000 7.226407
561.600000 7.239845
562.500000 7.227215
563.400000 7.287979
564.300000 7.231040
565.200000 7.333862
566.100000 7.276261
567.000000 7.332057
567.900000 7.322792
568.800000 7.373034
569.700000 6.994193
570.600000 7.425969
571.500000 7.463374
572.400000 7.462988
573.300000 7.463726
574.200000 7.415681
575.100000 7.414914
576.000000 7.368195
576.900000 7.461996
577.800000 7.511472
578.700000 7.509454
579.600000 7.556499
580.500000 7.368284
581.400000 7.507061
582.300000 7.556667
583.200000 7.557288
584.100000 7.556039
585.000000 7.509544
585.900000 7.556590
586.800000 7.508718
587.700000 7.556220
588.600000 7.607261
589.500000 7.653527
590.400000 7.511749
591.300000 7.668535
592.200000 7.656891
593.100000 7.605688
594.000000 7.604129
594.900000 7.557867
595.800000 7.556290
596.700000 7.603294
597.600000 7.180670
598.500000 7.606243
599.400000 7.558565
600.300000 7.557616
601.200000 7.510952
602.100000 7.610091
603.000000 7.604501
603.900000 7.606243
604.800000 7.510619
605.700000 7.556855
606.600000 7.570409
607.500000 7.511735
608.400000 7.567833
609.300000 7.558356
610.200000 7.518519
611.100000 7.463608
612.000000 7.419126
612.900000 7.526883
613.800000 7.459376
614.700000 7.462464
615.600000 7.415373
616.500000 7.370434
617.400000 7.368522
618.300000 7.415489
619.200000 7.377179
620.100000 7.370026
621.000000 7.368842
621.900000 7.416551
622.800000 7.329602
623.700000 7.324077
624.600000 7.274978
625.500000 7.321054
626.400000 7.181260
627.300000 7.180272
628.200000 7.181724
629.100000 7.133473
630.000000 7.134073
630.900000 7.180636
631.800000 7.133915
632.700000 7.183667
633.600000 7.182785
634.500000 7.135556
635.400000 7.088048
636.300000 7.087400
637.200000 7.041029
638.100000 7.041134
639.000000 7.042096
639.900000 7.042571
640.800000 7.087930
641.700000 6.993682
642.600000 6.949786
643.500000 6.899916
644.400000 6.948330
645.300000 6.852750
646.200000 6.851731
647.100000 6.759157
648.000000 6.857402
648.900000 6.865762
649.800000 6.807064
650.700000 6.806706
651.600000 6.805027
652.500000 6.663587
653.400000 6.432048
654.300000 6.630034
655.200000 6.486678
656.100000 6.619301
657.000000 6.628653
657.900000 6.524663
658.800000 6.523922
659.700000 6.476539
660.600000 6.570371
661.500000 6.526133
662.400000 6.429554
663.300000 6.429287
664.200000 6.337775
665.100000 6.336423
666.000000 6.289063
666.900000 6.288767
667.800000 6.241472
668.700000 6.195007
669.600000 6.196844
670.500000 6.242164
671.400000 6.288761
672.300000 6.242360
673.200000 6.197536
674.100000 6.148422
675.000000 6.104091
675.900000 6.149790
676.800000 6.148348
677.700000 6.147843
678.600000 6.103420
679.500000 6.103488
680.400000 6.055548
681.300000 5.959720
682.200000 6.054502
683.100000 5.961344
684.000000 5.913667
684.900000 5.914541
685.800000 5.864891
686.700000 5.866078
687.600000 5.820289
688.500000 5.819724
689.400000 5.819644
690.300000 5.774407
691.200000 5.774396
692.100000 5.725525
693.000000 5.725863
693.900000 5.729861
694.800000 5.686131
695.700000 5.680813
696.600000 5.589004
697.500000 5.597031
698.400000 5.537751
699.300000 5.551839
700.200000 5.451469
701.100000 5.507371
702.000000 5.444253
702.900000 5.500103
703.800000 5.397514
704.700000 5.397594
705.600000 5.445852
706.500000 5.401393
707.400000 5.351617
708.300000 5.351449
709.200000 5.271416
710.100000 5.213995
711.000000 5.305310
711.900000 5.212912
712.800000 5.210790
713.700000 5.207465
714.600000 5.259089
715.500000 5.163975
716.400000 5.209731
717.300000 5.117072
718.200000 5.164590
719.100000 5.025013
720.000000 5.022369
720.900000 5.069555
721.800000 5.020565
722.700000 5.069134
723.600000 4.739782
724.500000 5.026344
725.400000 4.747821
726.300000 4.748788
727.200000 4.923382
728.100000 4.931138
729.000000 4.823566
729.900000 4.870203
730.800000 4.870677
731.700000 4.917196
732.600000 4.825879
733.500000 4.918220
734.400000 4.836318
735.300000 4.887114
736.200000 4.836394
737.100000 4.837385
738.000000 4.795642
738.900000 4.838354
739.800000 4.840886
740.700000 4.840604
741.600000 4.741643
742.500000 4.786375
743.400000 4.742343
744.300000 4.812077
745.200000 4.836611
746.100000 4.682632
747.000000 4.730058
747.900000 4.600424
748.800000 4.694193
749.700000 4.647281
750.600000 4.647105
751.500000 4.600534
752.400000 4.600309
753.300000 4.600377
754.200000 4.646663
755.100000 4.647101
756.000000 4.458960
756.900000 4.459117
757.800000 4.365277
758.700000 4.556033
759.600000 4.553094
760.500000 4.554292
761.400000 4.600496
762.300000 4.552980
763.200000 4.506113
764.100000 4.506875
765.000000 4.459632
765.900000 4.467547
766.800000 4.459356
767.700000 4.412460
768.600000 4.272564
769.500000 4.371397
770.400000 4.402538
771.300000 4.355525
772.200000 4.126541
773.100000 4.231258
774.000000 4.403508
774.900000 4.323391
775.800000 4.426791
776.700000 4.371953
777.600000 4.319232
778.500000 4.322961
779.400000 4.178997
780.300000 4.329114
781.200000 4.380673
782.100000 4.339232
783.000000 4.177585
783.900000 4.272126
784.800000 4.179244
785.700000 4.229576
786.600000 4.224696
787.500000 4.224711
788.400000 4.177843
789.300000 4.177978
790.200000 4.223689
791.100000 4.235725
792.000000 4.182269
792.900000 4.084940
793.800000 4.131817
794.700000 4.171535
795.600000 4.167785
796.500000 4.121204
797.400000 4.177616
798.300000 4.130436
799.200000 4.083616
800.100000 4.084110
801.000000 4.130745
801.900000 4.083446
802.800000 4.083454
803.700000 4.037069
804.600000 4.036387
805.500000 4.074248
806.400000 4.079958
807.300000 4.075040
808.200000 4.036835
809.100000 4.132339
810.000000 4.083914
810.900000 4.004268
811.800000 4.038244
812.700000 4.090797
813.600000 4.064131
814.500000 4.035571
815.400000 3.980974
816.300000 4.027425
817.200000 4.036946
818.100000 4.085204
819.000000 4.036518
819.900000 4.083673
820.800000 4.036391
821.700000 4.036965
822.600000 4.034121
823.500000 4.081738
824.400000 4.036167
825.300000 4.036611
826.200000 4.036100
827.100000 3.989998
828.000000 4.037614
828.900000 4.038087
829.800000 3.980377
830.700000 4.026295
831.600000 3.934937
832.500000 4.039396
833.400000 3.989740
834.300000 3.989732
835.200000 3.944400
836.100000 3.989427
837.000000 3.893791
837.900000 3.942787
838.800000 3.897162
839.700000 3.895399
840.600000 3.895112
841.500000 3.895475
842.400000 3.895396
843.300000 3.848385
844.200000 3.897436
845.100000 3.848780
846.000000 3.802289
846.900000 3.848879
847.800000 3.896745
848.700000 3.707960
849.600000 3.896069
850.500000 3.849007
851.400000 3.801692
852.300000 3.802114
853.200000 3.847326
854.100000 3.802714
855.000000 3.801348
855.900000 3.755195
856.800000 3.756242
857.700000 3.801531
858.600000 3.754689
859.500000 3.707765
860.400000 3.755001
861.300000 3.754598
862.200000 3.835829
863.100000 3.712632
864.000000 3.757068
864.900000 3.709276
865.800000 3.709423
866.700000 3.709019
867.600000 3.713460
868.500000 3.755698
869.400000 3.708371
870.300000 3.708813
871.200000 3.708926
872.100000 3.754876
873.000000 3.707395
873.900000 3.755563
874.800000 3.709053
875.700000 3.708077
876.600000 3.709248
877.500000 3.708731
878.400000 3.666627
879.300000 3.662698
880.200000 3.710659
881.100000 3.661535
882.000000 3.666211
882.900000 3.709758
883.800000 3.664466
884.700000 3.708943
885.600000 3.662052
886.500000 3.708714
887.400000 3.661569
888.300000 3.713440
889.200000 3.707957
890.100000 3.708553
891.000000 3.661315
891.900000 3.709464
892.800000 3.661254
893.700000 3.521555
894.600000 3.662925
895.500000 3.615854
896.400000 3.661903
897.300000 3.614075
898.200000 3.661751
899.100000 3.661163
900.000000 3.619105
900.900000 3.614198
901.800000 3.615063
902.700000 3.663411
903.600000 3.661220
904.500000 3.614589
905.400000 3.613481
906.300000 3.661420
907.200000 3.614272
908.100000 3.615417
909.000000 3.661765
909.900000 3.613137
910.800000 3.616091
911.700000 3.615477
912.600000 3.614178
913.500000 3.614415
914.400000 3.614248
915.300000 3.613551
916.200000 3.661822
917.100000 3.615403
918.000000 3.616191
918.900000 3.617039
919.800000 3.567649
920.700000 3.568114
921.600000 3.620049
922.500000 3.613511
923.400000 3.567175
924.300000 3.615029
925.200000 3.567903
926.100000 3.519468
927.000000 3.568901
927.900000 3.521233
928.800000 3.567277
929.700000 3.567491
930.600000 3.568387
931.500000 3.614949
932.400000 3.572212
933.300000 3.614739
934.200000 3.566829
935.100000 3.619879
936.000000 3.527063
936.900000 3.572252
937.800000 3.568473
938.700000 3.520892
939.600000 3.646122
940.500000 3.521633
941.400000 3.571076
942.300000 3.624142
943.200000 3.578386
944.100000 3.631522
945.000000 3.570723
945.900000 3.611752
946.800000 3.532580
947.700000 3.569886
948.600000 3.569043
949.500000 3.333816
950.400000 3.512260
951.300000 3.512091
952.200000 3.468128
953.100000 3.568223
954.000000 3.520785
954.900000 3.520368
955.800000 3.473472
956.700000 3.427188
957.600000 3.472622
958.500000 3.474290
959.400000 3.494005
960.300000 3.432020
961.200000 3.467178
962.100000 3.465549
963.000000 3.473315
963.900000 3.520430
964.800000 3.520271
965.700000 3.520238
966.600000 3.474008
967.500000 3.385727
968.400000 3.465751
969.300000 3.513782
970.200000 3.519907
971.100000 3.520547
972.000000 3.521237
972.900000 3.520281
973.800000 3.519738
974.700000 3.473129
975.600000 3.567415
976.500000 3.520355
977.400000 3.525752
978.300000 3.519491
979.200000 3.521155
980.100000 3.428039
981.000000 3.380721
981.900000 3.426435
982.800000 3.379366
983.700000 3.473388
984.600000 3.427033
985.500000 3.473494
986.400000 3.473542
987.300000 3.473860
988.200000 3.380262
989.100000 3.379604
990.000000 3.473401
990.900000 3.428362
991.800000 3.426305
992.700000 3.425315
993.600000 3.473587
994.500000 3.379173
995.400000 3.426293
996.300000 3.426590
997.200000 3.473440
998.100000 3.473757
999.000000 3.477225
999.900000 3.521113
1000.800000 3.520203
1001.700000 3.566684
1002.600000 3.566104
1003.500000 3.567069
1004.400000 3.520596
1005.300000 3.567735
1006.200000 3.520661
1007.100000 3.571151
1008.000000 3.520596
1008.900000 3.520762
1009.800000 3.473735
1010.700000 3.474704
1011.600000 3.461535
1012.500000 3.285820
1013.400000 3.237913
1014.300000 3.097959
1015.200000 3.144926
1016.100000 3.144775
1017.000000 3.146082
1017.900000 3.192715
1018.800000 3.191093
1019.700000 3.285817
1020.600000 3.190492
1021.500000 3.238554
1022.400000 3.238416
1023.300000 3.285823
1024.200000 3.332908
1025.100000 3.191998
1026.000000 3.144723
1026.900000 3.191441
1027.800000 3.238583
1028.700000 3.238560
1029.600000 3.191485
1030.500000 3.197917
1031.400000 3.191927
1032.300000 3.332923
1033.200000 3.286345
1034.100000 3.285859
1035.000000 3.238141
1035.900000 3.332326
1036.800000 3.379370
1037.700000 3.473177
1038.600000 3.379036
1039.500000 3.426713
1040.400000 3.379469
1041.300000 3.473382
1042.200000 3.520661
1043.100000 3.565676
1044.000000 3.567188
1044.900000 3.520352
1045.800000 3.521155
1046.700000 3.520320
1047.600000 3.472927
1048.500000 3.520505
1049.400000 3.472676
1050.300000 3.380250
1051.200000 3.476359
1052.100000 3.526090
1053.000000 3.567076
1053.900000 3.524702
1054.800000 3.568417
1055.700000 3.568509
1056.600000 3.573603
1057.500000 3.611441
1058.400000 3.623594
1059.300000 3.615837
1060.200000 3.614275
1061.100000 3.614645
1062.000000 3.614602
1062.900000 3.615480
1063.800000 3.568852
1064.700000 3.615550
1065.600000 3.568031
1066.500000 3.615457
1067.400000 3.568835
1068.300000 3.568720
1069.200000 3.616081
1070.100000 3.614492
1071.000000 3.567119
1071.900000 3.567465
1072.800000 3.569893
1073.700000 3.566651
1074.600000 3.616194
1075.500000 3.614846
1076.400000 3.615203
1077.300000 3.568249
1078.200000 3.567247
1079.100000 3.520430
1080.000000 3.474267
1080.900000 3.427324
1081.800000 3.426894
1082.700000 3.425283
1083.600000 3.521279
1084.500000 3.520716
1085.400000 3.567037
1086.300000 3.567692
1087.200000 3.614192
1088.100000 3.614362
1089.000000 3.615263
1089.900000 3.614412
1090.800000 3.615437
1091.700000 3.614492
1092.600000 3.567379
1093.500000 3.661579
1094.400000 3.614969
1095.300000 3.614198
1096.200000 3.614395
1097.100000 3.614255
1098.000000 3.614846
1098.900000 3.615647
1099.800000 3.614659
1100.700000 3.614856
1101.600000 3.615814
1102.500000 3.614722
1103.400000 3.617836
1104.300000 3.567583
1105.200000 3.567672
1106.100000 3.568473
1107.000000 3.615353
1107.900000 3.617169
1108.800000 3.614492
1109.700000 3.617289
1110.600000 3.567929
1111.500000 3.615443
1112.400000 3.614736
1113.300000 3.615126
1114.200000 3.612643
1115.100000 3.615553
1116.000000 3.615246
1116.900000 3.614826
1117.800000 3.615143
1118.700000 3.616465
1119.600000 3.615126
